52aaa 18 1d 01 01 01 06 00 00 1e 1f 00 16 00 01 1c 01 1f 1f 1e 00 07 09 0b 10 0e 1f 01 00 1a 0a 05 14 00 08 09 15 00 01 03 06 1f 1f 03 12 11 17 1f 02 02 00 00 1f
48aaa 18 1d 01 01 01 06 1f 1f 1e 00 16 00 01 18 1d 01 01 01 06 1f 1f 1e 00 16 00 01 00 1a 0a 05 14 00 08 09 15 00 01 03 04 02 1f 02 12 11 17 00 00 00
35aaa 1d 00 00 11 06 1e 14 01 00 01 13 0c 17 0d 03 0d 1d 00 01 00 1a 0a 05 14 00 08 09 15 00 01 1f 17 15 01 01
31aaa 19 1d 01 01 03 06 00 10 0e 1e 01 00 1a 0a 05 14 00 08 09 15 00 01 05 1f 01 01 11 10 17 00 00
27aaa 00 1d 01 01 06 0f 1e 01 00 1a 0a 05 14 00 08 09 15 00 01 09 1f 02 01 11 17 00 00
27aab 1d 00 00 08 06 1e 02 01 00 1a 0a 05 14 00 08 09 15 00 01 11 1f 17 0b 06 01 01 00
27aac 1d 01 01 06 0f 1e 01 00 1a 0a 05 14 00 08 09 15 00 01 1f 04 1f 11 17 1e 1e 00 00
23aaa 1d 01 01 06 1e 01 00 1a 0a 05 14 00 08 09 15 00 01 1f 1f 11 17 00 00
23aab 1d 01 01 06 1e 02 01 00 1a 0a 05 14 00 08 09 15 00 01 1f 11 17 00 00
23aac 1d 01 01 06 1e 02 01 1f 1a 0a 05 14 00 08 09 15 00 01 1f 11 17 00 00
